0001000100000000
0001001000000000
0001001100000000
0000000000000000
0000000000000000
0000000000000000
1001000100000000
0000000010000000
0101101001110000
0000000000000000
0000000000000000
0000000000000000
1000000100000000
0000000000000000
0000000000000000
0000000000000000
0000000000000000
1000110100000000
1001011000000000
0000000000000001
0000000000000000
0000000000000000
0000000000000000
0000000000000000
0111111000000000
0000000000000001
1010001100000000
0000000101000000
0000000000000000
0000000000000000
0000000000000000
0000000000000000
0000000000000000
1001111100000000
0000000101000000
